{
    "obj": "bunny",
    "n_lights": 128,
    "imhw": [
        512,
        512
    ],
    "K": [
        [
            711.1110599640117,
            0.0,
            256.0
        ],
        [
            0.0,
            711.1110599640117,
            256.0
        ],
        [
            0.0,
            0.0,
            1.0
        ]
    ],
    "pose_c2w": [
        [
            -0.1613457202911377,
            -0.3997095823287964,
            0.9023301005363464,
            3.637409210205078
        ],
        [
            0.9868979454040527,
            -0.06534761935472488,
            0.14751990139484406,
            0.5946717858314514
        ],
        [
            3.725290298461914e-09,
            0.914309561252594,
            0.40501612424850464,
            1.6326723098754883
        ],
        [
            0.0,
            0.0,
            0.0,
            1.0
        ]
    ],
    "light_pos": [
        [
            0.2300717830657959,
            -1.3074463605880737,
            2.6902883052825928
        ],
        [
            -0.5313916206359863,
            2.894010066986084,
            -0.5850877165794373
        ],
        [
            2.9386894702911377,
            -0.07907349616289139,
            -0.5982067584991455
        ],
        [
            -1.2462795972824097,
            -2.6672277450561523,
            -0.5767870545387268
        ],
        [
            1.5307486057281494,
            1.7973257303237915,
            1.851061463356018
        ],
        [
            -1.4684151411056519,
            1.5176442861557007,
            2.130847930908203
        ],
        [
            1.5596692562103271,
            -2.5374436378479004,
            0.35890278220176697
        ],
        [
            1.9856634140014648,
            2.182534694671631,
            -0.5419257879257202
        ],
        [
            2.366475820541382,
            -0.6430758237838745,
            1.7280757427215576
        ],
        [
            -1.2936592102050781,
            -2.2519750595092773,
            1.5016834735870361
        ],
        [
            0.09786251932382584,
            0.649206817150116,
            2.9272775650024414
        ],
        [
            -0.12235605716705322,
            2.699836254119873,
            1.302272081375122
        ],
        [
            -1.4945807456970215,
            -0.3022502660751343,
            2.5835776329040527
        ],
        [
            2.728752851486206,
            0.9399970769882202,
            0.8187265992164612
        ],
        [
            0.39385777711868286,
            -2.528308391571045,
            1.566056489944458
        ],
        [
            2.4776952266693115,
            -1.5937392711639404,
            -0.5665879249572754
        ],
        [
            0.2804175615310669,
            -2.954305410385132,
            -0.4398246109485626
        ],
        [
            1.5597000122070312,
            0.4522895812988281,
            2.5224533081054688
        ],
        [
            0.8649513721466064,
            2.866011381149292,
            0.1945217102766037
        ],
        [
            -1.414006233215332,
            2.586080551147461,
            0.5592623353004456
        ],
        [
            1.6641218662261963,
            -1.89887273311615,
            1.6201791763305664
        ],
        [
            0.13943251967430115,
            1.8777873516082764,
            2.3354814052581787
        ],
        [
            2.832766532897949,
            -0.873123049736023,
            0.4616161584854126
        ],
        [
            -0.5545907020568848,
            -2.8746261596679688,
            0.6549460291862488
        ],
        [
            1.376202940940857,
            -0.8262346386909485,
            2.5344431400299072
        ],
        [
            2.734006643295288,
            1.1478443145751953,
            -0.4556983709335327
        ],
        [
            1.9108517169952393,
            2.189401626586914,
            0.7450950145721436
        ],
        [
            -1.079573631286621,
            -1.4552005529403687,
            2.3910064697265625
        ],
        [
            -0.33959895372390747,
            -0.35799381136894226,
            2.9591407775878906
        ],
        [
            0.9898064136505127,
            2.5375211238861084,
            1.2574855089187622
        ],
        [
            2.2778067588806152,
            0.7899565100669861,
            1.7853753566741943
        ],
        [
            -1.0533785820007324,
            0.6674814224243164,
            2.728527545928955
        ],
        [
            2.289623975753784,
            -1.816296100616455,
            0.6772672533988953
        ],
        [
            0.6072218418121338,
            -2.8867456912994385,
            0.5458763241767883
        ],
        [
            -1.4907186031341553,
            2.5337603092193604,
            -0.5981777906417847
        ],
        [
            -1.1563777923583984,
            2.2914223670959473,
            1.553117275238037
        ],
        [
            1.7988009452819824,
            -2.3252108097076416,
            -0.5980886220932007
        ],
        [
            0.6492354869842529,
            -0.23205547034740448,
            2.919699192047119
        ],
        [
            -0.17365622520446777,
            2.975788116455078,
            0.3384209871292114
        ],
        [
            2.8244454860687256,
            -0.04479954391717911,
            1.0101983547210693
        ],
        [
            0.8909904956817627,
            1.2810637950897217,
            2.562227964401245
        ],
        [
            0.8489060997962952,
            -1.8971755504608154,
            2.1633501052856445
        ],
        [
            -0.41030800342559814,
            -2.1913368701934814,
            2.007408618927002
        ],
        [
            -1.4416433572769165,
            -2.6034021377563477,
            0.3794230818748474
        ],
        [
            0.3794345259666443,
            2.921898126602173,
            -0.5643942356109619
        ],
        [
            2.457000732421875,
            1.7077488899230957,
            0.2161964625120163
        ],
        [
            2.9795260429382324,
            0.2869442105293274,
            0.20022010803222656
        ],
        [
            2.2602477073669434,
            1.496331810951233,
            1.2854071855545044
        ],
        [
            -0.7028748393058777,
            1.473160743713379,
            2.517094373703003
        ],
        [
            1.2839769124984741,
            2.6544437408447266,
            -0.5525677800178528
        ],
        [
            1.0872722864151,
            -2.772178888320923,
            -0.3645037114620209
        ],
        [
            2.850264072418213,
            -0.8632333874702454,
            -0.3616938591003418
        ],
        [
            1.2445952892303467,
            -2.4916186332702637,
            1.1148178577423096
        ],
        [
            -0.5123958587646484,
            -2.9453656673431396,
            -0.2495422065258026
        ],
        [
            2.3123884201049805,
            -1.355215072631836,
            1.3476839065551758
        ],
        [
            1.9744794368743896,
            -0.184889018535614,
            2.2510547637939453
        ],
        [
            -0.4948859214782715,
            2.2197322845458984,
            1.956496000289917
        ],
        [
            1.8620878458023071,
            -1.164092779159546,
            2.0438973903656006
        ],
        [
            0.6741467118263245,
            2.2319912910461426,
            1.8877873420715332
        ],
        [
            -0.3225777745246887,
            -2.6593587398529053,
            1.3504645824432373
        ],
        [
            1.6517497301101685,
            1.150892734527588,
            2.2242231369018555
        ],
        [
            -0.9390257596969604,
            -0.7974866628646851,
            2.7353692054748535
        ],
        [
            -0.8209660649299622,
            2.704878568649292,
            1.0048118829727173
        ],
        [
            -0.9806342124938965,
            2.8351783752441406,
            0.011007197201251984
        ],
        [
            0.43990951776504517,
            2.8577966690063477,
            0.7996737957000732
        ],
        [
            2.1709818840026855,
            -2.0704643726348877,
            0.0037943427450954914
        ],
        [
            1.521041750907898,
            2.570077657699585,
            0.2848392724990845
        ],
        [
            -0.39777857065200806,
            -1.616771936416626,
            2.4955601692199707
        ],
        [
            2.684278726577759,
            -0.7367777228355408,
            1.1188414096832275
        ],
        [
            0.113967165350914,
            1.29714834690094,
            2.7026686668395996
        ],
        [
            -0.937161922454834,
            -0.004265289753675461,
            2.8498611450195312
        ],
        [
            2.5871706008911133,
            -1.5152053833007812,
            0.10344159603118896
        ],
        [
            0.7578520774841309,
            0.4883500337600708,
            2.861323833465576
        ],
        [
            1.8195064067840576,
            -2.171055555343628,
            0.9878839254379272
        ],
        [
            0.17686119675636292,
            -1.8992868661880493,
            2.315476179122925
        ],
        [
            1.5694844722747803,
            2.191415548324585,
            1.3169726133346558
        ],
        [
            2.396569013595581,
            0.05473978817462921,
            1.8037351369857788
        ],
        [
            -1.1451166868209839,
            -2.5999302864074707,
            0.963883101940155
        ],
        [
            2.978790044784546,
            -0.3506507873535156,
            0.06207906827330589
        ],
        [
            2.8275299072265625,
            0.9859879016876221,
            0.181389719247818
        ],
        [
            1.4475255012512207,
            -0.18493221700191498,
            2.6211581230163574
        ],
        [
            -0.04533224552869797,
            -2.986722469329834,
            0.2782687842845917
        ],
        [
            1.2632942199707031,
            -1.429983139038086,
            2.31500244140625
        ],
        [
            -0.34870269894599915,
            -1.0474340915679932,
            2.7894961833953857
        ],
        [
            2.655041217803955,
            0.5186384320259094,
            1.2968311309814453
        ],
        [
            0.7843778133392334,
            -0.9235320091247559,
            2.744419813156128
        ],
        [
            2.926257610321045,
            0.54832923412323,
            -0.3692585527896881
        ],
        [
            -0.4992353618144989,
            0.4405100345611572,
            2.9251863956451416
        ],
        [
            1.1335902214050293,
            -2.2218141555786133,
            1.6668877601623535
        ],
        [
            1.0012245178222656,
            1.7970303297042847,
            2.1836280822753906
        ],
        [
            2.4307570457458496,
            1.68501615524292,
            -0.5021371841430664
        ],
        [
            -1.3833420276641846,
            -1.7900278568267822,
            1.9703211784362793
        ],
        [
            0.03096185252070427,
            -2.8636860847473145,
            0.8935005068778992
        ],
        [
            -0.9301484227180481,
            -2.846299648284912,
            0.1827627420425415
        ],
        [
            2.0863733291625977,
            2.155215263366699,
            0.045750223100185394
        ],
        [
            -1.0519464015960693,
            1.9273812770843506,
            2.0441648960113525
        ],
        [
            -1.4849902391433716,
            0.9999196529388428,
            2.407273292541504
        ],
        [
            -1.4895802736282349,
            0.2838636040687561,
            2.5885462760925293
        ],
        [
            2.579824924468994,
            -1.3205146789550781,
            0.7750766277313232
        ],
        [
            0.15479221940040588,
            -0.7689987421035767,
            2.8956313133239746
        ],
        [
            0.05419118329882622,
            2.365962028503418,
            1.843715786933899
        ],
        [
            2.492955446243286,
            1.4908488988876343,
            0.7500287294387817
        ],
        [
            -1.4674670696258545,
            -1.0311782360076904,
            2.4048309326171875
        ],
        [
            0.16189071536064148,
            0.056626275181770325,
            2.995093584060669
        ],
        [
            2.0595109462738037,
            0.3658153712749481,
            2.150486946105957
        ],
        [
            0.28429311513900757,
            2.9864771366119385,
            -0.011485841125249863
        ],
        [
            1.945336103439331,
            1.4209965467453003,
            1.7878578901290894
        ],
        [
            0.7322342395782471,
            -2.7065494060516357,
            1.0669692754745483
        ],
        [
            1.2208911180496216,
            2.631720542907715,
            0.7638532519340515
        ],
        [
            1.083940029144287,
            -2.791074275970459,
            0.1870269477367401
        ],
        [
            0.38411128520965576,
            2.5970170497894287,
            1.451882004737854
        ],
        [
            -0.9559287428855896,
            -2.1173882484436035,
            1.8981218338012695
        ],
        [
            -0.6671099066734314,
            2.8782541751861572,
            0.5202085375785828
        ],
        [
            -0.363734632730484,
            1.0703325271606445,
            2.7788639068603516
        ],
        [
            0.7721173763275146,
            -1.4753828048706055,
            2.4954118728637695
        ],
        [
            -1.361219882965088,
            2.4527103900909424,
            1.0636218786239624
        ],
        [
            1.5372357368469238,
            -2.5690557956695557,
            -0.19198721647262573
        ],
        [
            2.8663432598114014,
            0.44148433208465576,
            0.7675731182098389
        ],
        [
            1.1513526439666748,
            2.1964609622955322,
            1.6881784200668335
        ],
        [
            -0.8030380010604858,
            -2.448943853378296,
            1.535514235496521
        ],
        [
            0.09667376428842545,
            -2.263728141784668,
            1.9662628173828125
        ],
        [
            2.008301258087158,
            -0.6771889925003052,
            2.1232385635375977
        ],
        [
            -1.484302043914795,
            1.9087023735046387,
            1.7758667469024658
        ],
        [
            0.8707761168479919,
            2.8535852432250977,
            -0.31432557106018066
        ],
        [
            2.95005202293396,
            -0.13867156207561493,
            0.5272216200828552
        ],
        [
            1.1508967876434326,
            0.7369803190231323,
            2.670635938644409
        ],
        [
            -0.24687111377716064,
            2.9856786727905273,
            -0.15741127729415894
        ],
        [
            -0.5904875993728638,
            2.4980642795562744,
            1.552739143371582
        ]
    ],
    "light_test": [
        [
            2.2878665924072266,
            0.25368770956993103,
            1.9238784313201904
        ],
        [
            0.10152789205312729,
            -2.9930872917175293,
            0.17640894651412964
        ],
        [
            0.059989966452121735,
            2.9993581771850586,
            0.015857534483075142
        ],
        [
            0.016707945615053177,
            -1.3487017154693604,
            2.6796875
        ],
        [
            0.04134995862841606,
            1.7308874130249023,
            2.449963092803955
        ],
        [
            2.5160136222839355,
            -1.6335715055465698,
            0.033454529941082
        ],
        [
            2.4057884216308594,
            1.79221510887146,
            0.01215779036283493
        ],
        [
            1.5175788402557373,
            -1.9924657344818115,
            1.6513735055923462
        ]
    ],
    "view_test": [
        [
            [
                0.7945845723152161,
                -0.04668140038847923,
                0.6053562760353088,
                2.4214251041412354
            ],
            [
                0.6071534752845764,
                0.06109216436743736,
                -0.7922325134277344,
                -3.1689300537109375
            ],
            [
                -0.0,
                0.9970399141311646,
                0.07688567042350769,
                0.30754268169403076
            ],
            [
                0.0,
                0.0,
                0.0,
                1.0
            ]
        ],
        [
            [
                -0.9993095993995667,
                -0.0026680438313633204,
                0.03705628588795662,
                0.14822514355182648
            ],
            [
                0.037152208387851715,
                -0.07176429033279419,
                0.9967294335365295,
                3.986917734146118
            ],
            [
                0.0,
                0.9974180459976196,
                0.07181386649608612,
                0.2872554659843445
            ],
            [
                0.0,
                0.0,
                0.0,
                1.0
            ]
        ],
        [
            [
                -0.10818992555141449,
                -0.9908890724182129,
                0.08021077513694763,
                0.3208431005477905
            ],
            [
                0.9941302537918091,
                -0.10783719271421432,
                0.008729236200451851,
                0.034916944801807404
            ],
            [
                0.0,
                0.0806843712925911,
                0.9967396855354309,
                3.9869587421417236
            ],
            [
                0.0,
                0.0,
                0.0,
                1.0
            ]
        ],
        [
            [
                -0.37069132924079895,
                -0.2463243156671524,
                0.8954955339431763,
                3.581982135772705
            ],
            [
                0.9287561178207397,
                -0.09831459820270538,
                0.35741615295410156,
                1.4296646118164062
            ],
            [
                0.0,
                0.9641880393028259,
                0.2652195692062378,
                1.0608782768249512
            ],
            [
                0.0,
                0.0,
                0.0,
                1.0
            ]
        ],
        [
            [
                0.9999958872795105,
                -0.0016110503347590566,
                0.002365527441725135,
                0.00946210976690054
            ],
            [
                0.00286202784627676,
                0.5629029273986816,
                -0.8265180587768555,
                -3.306072235107422
            ],
            [
                -0.0,
                0.8265214562416077,
                0.5629051923751831,
                2.2516207695007324
            ],
            [
                0.0,
                0.0,
                0.0,
                1.0
            ]
        ],
        [
            [
                -0.8843182921409607,
                -0.31882256269454956,
                0.34107673168182373,
                1.364306926727295
            ],
            [
                0.4668845236301422,
                -0.603876531124115,
                0.6460278034210205,
                2.584111213684082
            ],
            [
                0.0,
                0.7305376529693604,
                0.6828724145889282,
                2.731489658355713
            ],
            [
                0.0,
                0.0,
                0.0,
                1.0
            ]
        ],
        [
            [
                0.36625078320503235,
                -0.6242819428443909,
                0.6900234818458557,
                2.760093927383423
            ],
            [
                0.9305161833763123,
                0.2457171082496643,
                -0.27159297466278076,
                -1.086371898651123
            ],
            [
                -0.0,
                0.7415491938591003,
                0.6708984971046448,
                2.683593988418579
            ],
            [
                0.0,
                0.0,
                0.0,
                1.0
            ]
        ],
        [
            [
                0.2545901834964752,
                -0.009374743327498436,
                0.967003583908081,
                3.868014335632324
            ],
            [
                0.9670490622520447,
                0.0024680420756340027,
                -0.25457823276519775,
                -1.018312931060791
            ],
            [
                -0.0,
                0.999953031539917,
                0.00969417579472065,
                0.0387767031788826
            ],
            [
                0.0,
                0.0,
                0.0,
                1.0
            ]
        ]
    ]
}